{
  "advancedEditorSelectedIdentifier" : "ProjectBrowser",
  "openSceneRelativePaths" : [
    "Immersive.usda",
    "_PlainMaterial.usda"
  ],
  "recentIdentifiers" : {

  },
  "sceneCameraHistory" : {
    "66A14249-721D-4994-8982-1D75C35A81FC" : [
      {
        "date" : 717833500.85687006,
        "title" : "Untitled",
        "transform" : [
          1,
          0,
          -0,
          0,
          -0,
          0.86602544784545898,
          -0.49999988079071045,
          0,
          0,
          0.49999988079071045,
          0.86602544784545898,
          0,
          0,
          0.2035389244556427,
          0.3525397777557373,
          1
        ]
      }
    ],
    "AF09ED6F-1707-48FD-8720-65B998362C09" : [
      {
        "date" : 717832528.35169494,
        "title" : "Untitled",
        "transform" : [
          1,
          0,
          0,
          0,
          0,
          0.86602592468261719,
          -0.49999907612800598,
          0,
          0,
          0.49999907612800598,
          0.86602592468261719,
          0,
          -0.055874049663543701,
          2.0667271614074707,
          -0.52091789245605469,
          1
        ]
      },
      {
        "date" : 717832509.06925797,
        "title" : "Untitled",
        "transform" : [
          1,
          0,
          0,
          0,
          0,
          0.86602592468261719,
          -0.49999907612800598,
          0,
          0,
          0.49999907612800598,
          0.86602592468261719,
          0,
          -0.055874049663543701,
          2.0667271614074707,
          -0.52091789245605469,
          1
        ]
      },
      {
        "date" : 717832503.93075895,
        "title" : "Untitled",
        "transform" : [
          1,
          0,
          0,
          0,
          0,
          0.86602592468261719,
          -0.49999907612800598,
          0,
          0,
          0.49999907612800598,
          0.86602592468261719,
          0,
          0.14168564975261688,
          2.3731827735900879,
          0.0098776817321777344,
          1
        ]
      },
      {
        "date" : 717832497.15527201,
        "title" : "Untitled",
        "transform" : [
          1,
          0,
          0,
          0,
          0,
          0.86602592468261719,
          -0.49999907612800598,
          0,
          0,
          0.49999907612800598,
          0.86602592468261719,
          0,
          -0.14218448102474213,
          2.7350456714630127,
          1.2714929580688477,
          1
        ]
      },
      {
        "date" : 717832495.53337502,
        "title" : "Untitled",
        "transform" : [
          1,
          0,
          0,
          0,
          0,
          0.86602592468261719,
          -0.49999907612800598,
          0,
          0,
          0.49999907612800598,
          0.86602592468261719,
          0,
          -0.14218448102474213,
          3.0173580646514893,
          1.7604734897613525,
          1
        ]
      },
      {
        "date" : 717832488.32975698,
        "title" : "Untitled",
        "transform" : [
          1,
          0,
          0,
          0,
          0,
          0.86602592468261719,
          -0.49999907612800598,
          0,
          0,
          0.49999907612800598,
          0.86602592468261719,
          0,
          -0.14218448102474213,
          2.7604091167449951,
          1.3154239654541016,
          1
        ]
      },
      {
        "date" : 717832484.77863395,
        "title" : "Untitled",
        "transform" : [
          1,
          0,
          0,
          0,
          0,
          0.86602592468261719,
          -0.49999907612800598,
          0,
          0,
          0.49999907612800598,
          0.86602592468261719,
          0,
          0.10105812549591064,
          2.5656914710998535,
          0.97816276550292969,
          1
        ]
      },
      {
        "date" : 717832457.80390799,
        "title" : "Untitled",
        "transform" : [
          1,
          0,
          0,
          0,
          0,
          0.86602592468261719,
          -0.49999907612800598,
          0,
          0,
          0.49999907612800598,
          0.86602592468261719,
          0,
          28.844337463378906,
          442.03805541992188,
          700.677978515625,
          1
        ]
      },
      {
        "date" : 717832411.80252898,
        "title" : "Untitled",
        "transform" : [
          1,
          0,
          0,
          0,
          0,
          0.86602592468261719,
          -0.49999907612800598,
          0,
          0,
          0.49999907612800598,
          0.86602592468261719,
          0,
          0.097240246832370758,
          -58.840774536132812,
          -104.33409881591797,
          1
        ]
      },
      {
        "date" : 717832406.00574696,
        "title" : "Untitled",
        "transform" : [
          1,
          0,
          0,
          0,
          0,
          0.86602592468261719,
          -0.49999907612800598,
          0,
          0,
          0.49999907612800598,
          0.86602592468261719,
          0,
          0.097240246832370758,
          -20.881330490112305,
          -38.586250305175781,
          1
        ]
      }
    ],
    "DE9AFE89-08ED-48E1-869A-91A01EA926DB" : [
      {
        "date" : 717833172.61383498,
        "title" : "Untitled",
        "transform" : [
          1,
          0,
          0,
          0,
          0,
          0.86602544784545898,
          -0.49999988079071045,
          0,
          0,
          0.49999988079071045,
          0.86602544784545898,
          0,
          0,
          0.20934373140335083,
          0.36259400844573975,
          1
        ]
      },
      {
        "date" : 717833146.91763496,
        "title" : "Untitled",
        "transform" : [
          1,
          0,
          0,
          0,
          0,
          0.86602544784545898,
          -0.49999988079071045,
          0,
          0,
          0.49999988079071045,
          0.86602544784545898,
          0,
          0,
          0.20934373140335083,
          0.36259400844573975,
          1
        ]
      }
    ]
  },
  "selectedSceneRelativePath" : "_PlainMaterial.usda"
}